V 51
K 322080447800 FMC2_LPC_test
Y 0
D 0 0 1700 1100
Z 1
i 1115
N 1102
J 300 470 2
J 380 490 1
J 300 490 5
J 240 490 3
J 240 470 2
S 1 3
S 3 2
L 310 490 10 0 3 0 1 0 FMC2_LPC_ST2
A 390 490 10 0 6 3 XREF=24
S 4 3
S 5 4
N 1106
J 300 430 2
J 300 410 2
J 300 420 5
J 240 420 3
J 240 440 2
S 3 1
S 2 3
S 4 3
S 4 5
N 1107
J 130 410 2
J 130 430 2
J 130 420 5
J 70 440 2
J 70 420 3
S 1 3
S 3 2
S 5 3
S 5 4
N 1111
J 130 470 2
J 70 470 2
J 70 490 3
J 130 490 5
J 210 490 1
S 1 4
S 2 3
S 3 4
S 4 5
L 140 490 10 0 3 0 1 0 FMC2_LPC_ST1
A 220 490 10 0 6 3 XREF=24
N 1112
J 705 40 1
J 705 95 2
S 1 2
L 705 40 10 1 3 0 1 0 FMC2_LPC_ST2
A 703 25 10 1 2 3 XREF=24
N 1113
J 85 95 2
J 85 40 1
S 2 1
L 85 40 10 1 3 0 1 0 FMC2_LPC_ST1
A 83 25 10 1 2 3 XREF=24
I 1104 GOLDEN_SYMBOLS:CAP_NP 1 220 440 0 1 '
|R 22:01_5-12-10
A 260 460 16 0 3 3 REFDES=C515
A 220 430 10 0 3 0 PART_TYPE=CERAMIC
A 260 450 10 0 3 3 VALUE=100PF
A 260 440 10 0 3 3 VOLTAGE=500V
A 220 420 10 0 3 0 TOLERANCE=5%
A 260 430 10 0 3 3 DIELECTRIC=NP0
A 250 430 10 0 3 0 PKG_TYPE=0805
A 220 410 10 0 3 0 DATASHEET=\\XSJ-SMB\AFX\AFX\BOARD_PROJECTS\LIBRARY\\DATASHEET
+ S\CAPACITOR\A9RE8BE.PDF
A 220 400 10 0 3 0 ROHS=YES
A 220 390 10 0 3 0 MANF=KEMET
A 220 380 10 0 3 0 MANF_P/N=C0805C101JCGACTU
A 220 370 10 0 3 0 DIST=DIGIKEY
A 220 360 10 0 3 0 DIST_P/N=399-5102-2-ND
A 220 350 10 0 3 0 PRICE=0.083
A 220 430 10 0 3 0 DEVICE=100PF_0805
A 220 340 10 0 3 0 OWNER=3709
A 220 330 10 0 3 0 DXDB_LIBNAME=CAPACITORS
C 1102 5 4 0
A 235 460 10 0 9 3 #=1
C 1106 5 3 0
A 235 440 10 0 9 3 #=2
I 1105 GOLDEN_SYMBOLS:GND 1 310 390 4 1 '
|R 22:03_9-29-10
C 1106 2 1 0
I 1108 GOLDEN_SYMBOLS:GND 1 140 390 4 1 '
|R 22:03_9-29-10
C 1107 1 1 0
I 1109 GOLDEN_SYMBOLS:CAP_NP 1 50 440 0 1 '
|R 22:01_5-12-10
A 50 330 10 0 3 0 DXDB_LIBNAME=CAPACITORS
A 50 340 10 0 3 0 OWNER=3709
A 50 430 10 0 3 0 DEVICE=100PF_0805
A 50 350 10 0 3 0 PRICE=0.083
A 50 360 10 0 3 0 DIST_P/N=399-5102-2-ND
A 50 370 10 0 3 0 DIST=DIGIKEY
A 50 380 10 0 3 0 MANF_P/N=C0805C101JCGACTU
A 50 390 10 0 3 0 MANF=KEMET
A 50 400 10 0 3 0 ROHS=YES
A 50 410 10 0 3 0 DATASHEET=\\XSJ-SMB\AFX\AFX\BOARD_PROJECTS\LIBRARY\\DATASHEETS
+ \CAPACITOR\A9RE8BE.PDF
A 80 430 10 0 3 0 PKG_TYPE=0805
A 90 430 10 0 3 3 DIELECTRIC=NP0
A 50 420 10 0 3 0 TOLERANCE=5%
A 90 440 10 0 3 3 VOLTAGE=500V
A 90 450 10 0 3 3 VALUE=100PF
A 50 430 10 0 3 0 PART_TYPE=CERAMIC
A 90 460 16 0 3 3 REFDES=C516
C 1107 4 3 0
A 65 440 10 0 9 3 #=2
C 1111 2 4 0
A 65 460 10 0 9 3 #=1
N 1101
J 755 65 2
J 755 75 3
J 125 95 2
J 105 95 2
J 105 75 3
J 125 75 5
J 145 95 2
J 145 75 5
J 165 95 2
J 165 75 5
J 185 95 2
J 185 75 5
J 205 95 2
J 205 75 5
J 225 95 2
J 225 75 5
J 245 95 2
J 245 75 5
J 265 95 2
J 265 75 5
J 285 95 2
J 285 75 5
J 305 95 2
J 305 75 5
J 325 95 2
J 325 75 5
J 345 95 2
J 345 75 5
J 365 95 2
J 365 75 5
J 385 95 2
J 385 75 5
J 405 95 2
J 405 75 5
J 425 95 2
J 425 75 5
J 445 95 2
J 445 75 5
J 465 95 2
J 465 75 5
J 485 95 2
J 485 75 5
J 505 95 2
J 505 75 5
J 525 95 2
J 525 75 5
J 545 95 2
J 545 75 5
J 565 95 2
J 565 75 5
J 585 95 2
J 585 75 5
J 605 95 2
J 605 75 5
J 625 95 2
J 625 75 5
J 645 95 2
J 645 75 5
J 665 95 2
J 665 75 5
J 685 75 5
J 685 95 2
S 1 2
S 61 2
S 6 3
S 5 4
S 5 6
S 6 8
S 8 7
S 8 10
S 10 9
S 10 12
S 12 11
S 12 14
S 14 13
S 14 16
S 16 15
S 16 18
S 18 17
S 18 20
S 20 19
S 20 22
S 22 21
S 22 24
S 24 23
S 24 26
S 26 25
S 26 28
S 28 27
S 28 30
S 30 29
S 30 32
S 32 31
S 32 34
S 34 33
S 34 36
S 36 35
S 36 38
S 38 37
S 38 40
S 40 39
S 40 42
S 42 41
S 42 44
S 44 43
S 44 46
S 46 45
S 46 48
S 48 47
S 48 50
S 50 49
S 50 52
S 52 51
S 52 54
S 54 53
S 54 56
S 56 55
S 56 58
S 58 57
S 58 60
S 60 59
S 60 61
S 61 62
N 1100
J 200 1000 2
J 250 1000 1
S 1 2
A 210 1000 10 0 3 1 NC
N 1099
J 250 980 1
J 200 980 2
S 2 1
A 210 980 10 0 3 1 NC
N 1098
J 200 960 2
J 250 960 1
S 1 2
A 210 960 10 0 3 1 NC
N 1097
J 250 940 1
J 200 940 2
S 2 1
A 210 940 10 0 3 1 NC
N 1096
J 1050 960 2
J 1100 960 1
S 1 2
A 1060 960 10 0 3 1 NC
N 1095
J 1100 980 1
J 1050 980 2
S 2 1
A 1060 980 10 0 3 1 NC
I 1090 GOLDEN_SYMBOLS:BSHEETL 1 1260 0 0 1 '
N 929
J 1130 240 2
J 1130 250 2
S 1 2
N 930
J 1070 290 2
J 855 290 1
S 2 1
A 840 285 10 0 6 3 XREF=24,33
L 865 290 10 0 3 0 1 0 FMC2_LPC_PRSNT_M2C_B
N 931
J 1130 370 2
J 1130 385 2
S 1 2
N 932
J 1050 540 2
J 1100 540 3
J 1100 465 2
S 1 2
S 3 2
N 934
J 1200 1000 1
J 1050 1000 2
S 2 1
L 1060 1000 10 0 3 0 1 0 PWRCTL2_VCC4A_PG
A 1210 1000 10 0 3 3 XREF=23,33,42
N 935
J 610 980 2
J 770 980 1
J 730 980 5
J 730 1000 2
S 1 3
S 3 2
A 780 980 10 0 6 3 XREF=24,33
L 620 980 10 0 3 0 1 0 FMC2_LPC_PRSNT_M2C_B
S 3 4
N 936
J 730 1040 2
J 730 1050 2
S 1 2
N 940
J 610 600 2
J 770 600 1
S 1 2
L 620 600 10 0 3 0 1 0 FMC2_LPC_LA28_P
A 780 600 10 0 6 3 XREF=4
N 941
J 610 520 2
J 770 520 1
S 1 2
L 620 520 10 0 3 0 1 0 FMC2_LPC_LA32_P
A 780 520 10 0 6 3 XREF=4
N 942
J 770 500 1
J 610 500 2
S 2 1
L 620 500 10 0 3 0 1 0 FMC2_LPC_LA32_N
A 780 500 10 0 6 3 XREF=4
N 943
J 610 480 2
J 680 480 3
J 680 430 3
J 790 440 2
J 790 430 3
S 1 2
S 3 2
S 3 5
S 5 4
N 944
J 770 540 1
J 610 540 2
S 2 1
L 620 540 10 0 3 0 1 0 FMC2_LPC_LA30_N
A 780 540 10 0 6 3 XREF=4
N 945
J 770 960 1
J 610 960 2
S 2 1
L 620 960 10 0 3 0 1 0 FMC2_LPC_CLK0_M2C_P
A 780 960 10 0 6 3 XREF=5
N 946
J 610 920 2
J 770 920 1
S 1 2
L 620 920 10 0 3 0 1 0 FMC2_LPC_LA02_P
A 780 920 10 0 6 3 XREF=5
N 947
J 610 940 2
J 770 940 1
S 1 2
L 620 940 10 0 3 0 1 0 FMC2_LPC_CLK0_M2C_N
A 780 940 10 0 6 3 XREF=5
N 948
J 770 880 1
J 610 880 2
S 2 1
L 620 880 10 0 3 0 1 0 FMC2_LPC_LA04_P
A 780 880 10 0 6 3 XREF=5
N 949
J 770 900 1
J 610 900 2
S 2 1
L 620 900 10 0 3 0 1 0 FMC2_LPC_LA02_N
A 780 900 10 0 6 3 XREF=5
N 950
J 770 840 1
J 610 840 2
S 2 1
L 620 840 10 0 3 0 1 0 FMC2_LPC_LA07_P
A 780 840 10 0 6 3 XREF=5
N 951
J 610 860 2
J 770 860 1
S 1 2
L 620 860 10 0 3 0 1 0 FMC2_LPC_LA04_N
A 780 860 10 0 6 3 XREF=5
N 952
J 770 800 1
J 610 800 2
S 2 1
L 620 800 10 0 3 0 1 0 FMC2_LPC_LA11_P
A 780 800 10 0 6 3 XREF=5
N 953
J 770 820 1
J 610 820 2
S 2 1
L 620 820 10 0 3 0 1 0 FMC2_LPC_LA07_N
A 780 820 10 0 6 3 XREF=5
N 954
J 610 760 2
J 770 760 1
S 1 2
L 620 760 10 0 3 0 1 0 FMC2_LPC_LA15_P
A 780 760 10 0 6 3 XREF=5
N 955
J 770 780 1
J 610 780 2
S 2 1
L 620 780 10 0 3 0 1 0 FMC2_LPC_LA11_N
A 780 780 10 0 6 3 XREF=5
N 956
J 770 720 1
J 610 720 2
S 2 1
L 620 720 10 0 3 0 1 0 FMC2_LPC_LA19_P
A 780 720 10 0 6 3 XREF=4
N 957
J 610 740 2
J 770 740 1
S 1 2
L 620 740 10 0 3 0 1 0 FMC2_LPC_LA15_N
A 780 740 10 0 6 3 XREF=5
N 958
J 610 680 2
J 770 680 1
S 1 2
L 620 680 10 0 3 0 1 0 FMC2_LPC_LA21_P
A 780 680 10 0 6 3 XREF=4
N 959
J 770 700 1
J 610 700 2
S 2 1
L 620 700 10 0 3 0 1 0 FMC2_LPC_LA19_N
A 780 700 10 0 6 3 XREF=4
N 960
J 610 1000 2
J 650 1000 1
S 1 2
A 620 1000 10 0 3 1 NC
N 961
J 610 660 2
J 770 660 1
S 1 2
L 620 660 10 0 3 0 1 0 FMC2_LPC_LA21_N
A 780 660 10 0 6 3 XREF=4
N 962
J 770 640 1
J 610 640 2
S 2 1
L 620 640 10 0 3 0 1 0 FMC2_LPC_LA24_P
A 780 640 10 0 6 3 XREF=4
N 963
J 610 620 2
J 770 620 1
S 1 2
L 620 620 10 0 3 0 1 0 FMC2_LPC_LA24_N
A 780 620 10 0 6 3 XREF=4
N 964
J 610 560 2
J 770 560 1
S 1 2
L 620 560 10 0 3 0 1 0 FMC2_LPC_LA30_P
A 780 560 10 0 6 3 XREF=4
N 966
J 1440 940 2
J 1600 940 1
S 1 2
L 1450 940 10 0 3 0 1 0 FMC2_LPC_LA00_CC_N
A 1610 940 10 0 6 3 XREF=5
N 967
J 1600 960 1
J 1440 960 2
S 2 1
L 1450 960 10 0 3 0 1 0 FMC2_LPC_LA00_CC_P
A 1610 960 10 0 6 3 XREF=5
N 968
J 1600 900 1
J 1440 900 2
S 2 1
L 1450 900 10 0 3 0 1 0 FMC2_LPC_LA03_N
A 1610 900 10 0 6 3 XREF=5
N 969
J 1600 920 1
J 1440 920 2
S 2 1
L 1450 920 10 0 3 0 1 0 FMC2_LPC_LA03_P
A 1610 920 10 0 6 3 XREF=5
N 970
J 1600 860 1
J 1440 860 2
S 2 1
L 1450 860 10 0 3 0 1 0 FMC2_LPC_LA08_N
A 1610 860 10 0 6 3 XREF=5
N 971
J 1440 880 2
J 1600 880 1
S 1 2
L 1450 880 10 0 3 0 1 0 FMC2_LPC_LA08_P
A 1610 880 10 0 6 3 XREF=5
N 972
J 1600 820 1
J 1440 820 2
S 2 1
L 1450 820 10 0 3 0 1 0 FMC2_LPC_LA12_N
A 1610 820 10 0 6 3 XREF=5
N 973
J 1440 840 2
J 1600 840 1
S 1 2
L 1450 840 10 0 3 0 1 0 FMC2_LPC_LA12_P
A 1610 840 10 0 6 3 XREF=5
N 974
J 1440 780 2
J 1600 780 1
S 1 2
L 1450 780 10 0 3 0 1 0 FMC2_LPC_LA16_N
A 1610 780 10 0 6 3 XREF=5
N 975
J 1600 800 1
J 1440 800 2
S 2 1
L 1450 800 10 0 3 0 1 0 FMC2_LPC_LA16_P
A 1610 800 10 0 6 3 XREF=5
N 976
J 1440 740 2
J 1600 740 1
S 1 2
L 1450 740 10 0 3 0 1 0 FMC2_LPC_LA20_N
A 1610 740 10 0 6 3 XREF=4
N 977
J 1600 760 1
J 1440 760 2
S 2 1
L 1450 760 10 0 3 0 1 0 FMC2_LPC_LA20_P
A 1610 760 10 0 6 3 XREF=4
N 978
J 1440 700 2
J 1600 700 1
S 1 2
L 1450 700 10 0 3 0 1 0 FMC2_LPC_LA22_N
A 1610 700 10 0 6 3 XREF=4
N 979
J 1600 720 1
J 1440 720 2
S 2 1
L 1450 720 10 0 3 0 1 0 FMC2_LPC_LA22_P
A 1610 720 10 0 6 3 XREF=4
N 980
J 1600 660 1
J 1440 660 2
S 2 1
L 1450 660 10 0 3 0 1 0 FMC2_LPC_LA25_N
A 1610 660 10 0 6 3 XREF=4
N 981
J 1440 680 2
J 1600 680 1
S 1 2
L 1450 680 10 0 3 0 1 0 FMC2_LPC_LA25_P
A 1610 680 10 0 6 3 XREF=4
N 982
J 1600 620 1
J 1440 620 2
S 2 1
L 1450 620 10 0 3 0 1 0 FMC2_LPC_LA29_N
A 1610 620 10 0 6 3 XREF=4
N 983
J 1440 640 2
J 1600 640 1
S 1 2
L 1450 640 10 0 3 0 1 0 FMC2_LPC_LA29_P
A 1610 640 10 0 6 3 XREF=4
N 984
J 1440 580 2
J 1600 580 1
S 1 2
L 1450 580 10 0 3 0 1 0 FMC2_LPC_LA31_N
A 1610 580 10 0 6 3 XREF=4
N 985
J 1600 600 1
J 1440 600 2
S 2 1
L 1450 600 10 0 3 0 1 0 FMC2_LPC_LA31_P
A 1610 600 10 0 6 3 XREF=4
N 986
J 1440 540 2
J 1600 540 1
S 1 2
L 1450 540 10 0 3 0 1 0 FMC2_LPC_LA33_N
A 1610 540 10 0 6 3 XREF=4
N 987
J 1600 560 1
J 1440 560 2
S 2 1
L 1450 560 10 0 3 0 1 0 FMC2_LPC_LA33_P
A 1610 560 10 0 6 3 XREF=4
N 988
J 1440 980 2
J 1600 980 1
S 1 2
L 1450 980 10 0 3 0 1 0 FMC2_LPC_CLK1_M2C_N
A 1610 980 10 0 6 3 XREF=4
N 989
J 1600 1000 1
J 1440 1000 2
S 2 1
L 1450 1000 10 0 3 0 1 0 FMC2_LPC_CLK1_M2C_P
A 1610 1000 10 0 6 3 XREF=4
N 990
J 935 120 2
J 885 90 2
J 885 120 2
J 885 100 5
J 935 100 5
J 995 100 3
J 995 120 2
S 5 1
S 2 4
S 4 3
S 4 5
S 5 6
S 6 7
N 991
J 935 150 2
J 935 170 2
S 1 2
N 992
J 885 150 2
J 885 170 2
S 1 2
N 993
J 995 170 2
J 995 150 2
S 2 1
N 998
J 200 680 2
J 250 680 3
J 250 570 2
S 1 2
S 3 2
N 999
J 400 670 2
J 400 660 3
J 200 660 2
J 230 660 5
J 230 640 3
J 200 640 2
S 2 1
S 4 2
S 3 4
S 5 4
S 6 5
N 1000
J 360 760 1
J 200 760 2
S 2 1
L 210 760 10 0 3 0 1 0 FMC2_LPC_LA27_P
A 370 760 10 0 6 3 XREF=4
N 1001
J 360 780 1
J 200 780 2
S 2 1
L 210 780 10 0 3 0 1 0 FMC2_LPC_LA18_CC_N
A 370 780 10 0 6 3 XREF=4
N 1002
J 360 800 1
J 200 800 2
S 2 1
L 210 800 10 0 3 0 1 0 FMC2_LPC_LA18_CC_P
A 370 800 10 0 6 3 XREF=4
N 1003
J 360 820 1
J 200 820 2
S 2 1
L 210 820 10 0 3 0 1 0 FMC2_LPC_LA14_N
A 370 820 10 0 6 3 XREF=5
N 1004
J 200 840 2
J 360 840 1
S 1 2
L 210 840 10 0 3 0 1 0 FMC2_LPC_LA14_P
A 370 840 10 0 6 3 XREF=5
N 1005
J 200 860 2
J 360 860 1
S 1 2
L 210 860 10 0 3 0 1 0 FMC2_LPC_LA10_N
A 370 860 10 0 6 3 XREF=5
N 1006
J 360 880 1
J 200 880 2
S 2 1
L 210 880 10 0 3 0 1 0 FMC2_LPC_LA10_P
A 370 880 10 0 6 3 XREF=5
N 1007
J 200 900 2
J 360 900 1
S 1 2
L 210 900 10 0 3 0 1 0 FMC2_LPC_LA06_N
A 370 900 10 0 6 3 XREF=5
N 1008
J 755 335 2
J 755 365 3
J 685 345 2
J 665 345 2
J 645 345 2
J 625 345 2
J 605 345 2
J 585 345 2
J 565 345 2
J 545 345 2
J 525 345 2
J 505 345 2
J 485 345 2
J 465 345 2
J 445 345 2
J 425 345 2
J 405 345 2
J 385 345 2
J 365 345 2
J 345 345 2
J 325 345 2
J 305 345 2
J 285 345 2
J 265 345 2
J 245 345 2
J 225 345 2
J 205 345 2
J 185 345 2
J 165 345 2
J 145 345 2
J 125 345 2
J 105 345 2
J 105 365 3
J 125 365 5
J 145 365 5
J 165 365 5
J 185 365 5
J 205 365 5
J 225 365 5
J 245 365 5
J 265 365 5
J 285 365 5
J 305 365 5
J 325 365 5
J 345 365 5
J 365 365 5
J 385 365 5
J 405 365 5
J 425 365 5
J 445 365 5
J 465 365 5
J 485 365 5
J 505 365 5
J 525 365 5
J 545 365 5
J 565 365 5
J 585 365 5
J 605 365 5
J 625 365 5
J 645 365 5
J 665 365 5
J 685 365 5
J 705 365 5
J 705 345 2
S 1 2
S 63 2
S 3 62
S 4 61
S 5 60
S 6 59
S 7 58
S 8 57
S 9 56
S 10 55
S 11 54
S 12 53
S 13 52
S 14 51
S 15 50
S 16 49
S 17 48
S 18 47
S 19 46
S 20 45
S 21 44
S 22 43
S 23 42
S 24 41
S 25 40
S 26 39
S 27 38
S 28 37
S 29 36
S 30 35
S 31 34
S 32 33
S 33 34
S 34 35
S 35 36
S 36 37
S 37 38
S 38 39
S 39 40
S 40 41
S 41 42
S 42 43
S 43 44
S 44 45
S 45 46
S 46 47
S 47 48
S 48 49
S 49 50
S 50 51
S 51 52
S 52 53
S 53 54
S 54 55
S 55 56
S 56 57
S 57 58
S 58 59
S 59 60
S 60 61
S 61 62
S 62 63
S 64 63
N 1009
J 1210 920 1
J 1050 920 2
S 2 1
L 1070 920 10 0 3 0 1 0 FMC2_LPC_LA01_CC_N
A 1230 915 10 0 6 3 XREF=5
N 1010
J 1210 900 1
J 1050 900 2
S 2 1
L 1070 900 10 0 3 0 1 0 FMC2_LPC_LA05_P
A 1230 895 10 0 6 3 XREF=5
N 1011
J 1050 860 2
J 1210 860 1
S 1 2
L 1070 860 10 0 3 0 1 0 FMC2_LPC_LA09_P
A 1230 855 10 0 6 3 XREF=5
N 1012
J 1050 840 2
J 1210 840 1
S 1 2
L 1070 840 10 0 3 0 1 0 FMC2_LPC_LA09_N
A 1230 835 10 0 6 3 XREF=5
N 1013
J 1210 820 1
J 1050 820 2
S 2 1
L 1070 820 10 0 3 0 1 0 FMC2_LPC_LA13_P
A 1230 815 10 0 6 3 XREF=5
N 1014
J 1210 800 1
J 1050 800 2
S 2 1
L 1070 800 10 0 3 0 1 0 FMC2_LPC_LA13_N
A 1230 795 10 0 6 3 XREF=5
N 1015
J 1050 740 2
J 1210 740 1
S 1 2
L 1070 740 10 0 3 0 1 0 FMC2_LPC_LA23_P
A 1230 735 10 0 6 3 XREF=4
N 1016
J 1050 720 2
J 1210 720 1
S 1 2
L 1070 720 10 0 3 0 1 0 FMC2_LPC_LA23_N
A 1230 715 10 0 6 3 XREF=4
N 1017
J 1210 700 1
J 1050 700 2
S 2 1
L 1070 700 10 0 3 0 1 0 FMC2_LPC_LA26_P
A 1230 695 10 0 6 3 XREF=4
N 1018
J 1050 680 2
J 1210 680 1
S 1 2
L 1070 680 10 0 3 0 1 0 FMC2_LPC_LA26_N
A 1230 675 10 0 6 3 XREF=4
N 1019
J 1210 880 1
J 1050 880 2
S 2 1
L 1070 880 10 0 3 0 1 0 FMC2_LPC_LA05_N
A 1230 875 10 0 6 3 XREF=5
N 1020
J 200 740 2
J 360 740 1
S 1 2
L 210 740 10 0 3 0 1 0 FMC2_LPC_LA27_N
A 370 740 10 0 6 3 XREF=4
N 1021
J 360 920 1
J 200 920 2
S 2 1
A 370 920 10 0 6 3 XREF=5
L 210 920 10 0 3 0 1 0 FMC2_LPC_LA06_P
N 1022
J 200 620 2
J 400 620 3
J 400 630 2
S 1 2
S 2 3
N 1026
J 770 580 1
J 610 580 2
S 2 1
A 780 580 10 0 6 3 XREF=4
L 620 580 10 0 3 0 1 0 FMC2_LPC_LA28_N
N 1038
J 360 720 1
J 200 720 2
S 2 1
L 210 720 10 0 3 0 1 0 FMC2_LPC_IIC_SCL
A 370 720 10 0 6 3 XREF=32
N 1039
J 360 700 1
J 200 700 2
S 2 1
L 210 700 10 0 3 0 1 0 FMC2_LPC_IIC_SDA
A 370 700 10 0 6 3 XREF=32
N 1042
J 1050 660 2
J 1210 660 1
S 1 2
A 1230 655 10 0 6 3 XREF=15
L 1070 660 10 0 3 0 1 0 FMC2_LPC_TCK_BUF
N 1044
J 1610 490 2
J 1440 520 2
J 1510 520 3
J 1510 455 3
J 1610 455 3
S 5 1
S 2 3
S 4 3
S 4 5
N 1047
J 1050 520 2
J 1050 500 2
J 1050 480 2
J 1080 480 3
J 1080 500 5
J 1240 530 2
J 1240 520 3
J 1080 520 5
J 1080 600 3
J 1050 600 2
S 1 8
S 2 5
S 3 4
S 4 5
S 5 8
S 7 6
S 8 7
S 8 9
S 10 9
N 1053
J 1050 780 2
J 1210 780 1
S 1 2
L 1070 780 10 0 3 0 1 0 FMC2_LPC_LA17_CC_P
A 1230 775 10 0 6 3 XREF=4
N 1054
J 1050 760 2
J 1210 760 1
S 1 2
L 1070 760 10 0 3 0 1 0 FMC2_LPC_LA17_CC_N
A 1230 755 10 0 6 3 XREF=4
N 1055
J 1210 940 1
J 1050 940 2
S 2 1
A 1230 935 10 0 6 3 XREF=5
L 1070 940 10 0 3 0 1 0 FMC2_LPC_LA01_CC_P
N 1059
J 1205 580 1
J 1050 580 2
S 2 1
L 1085 580 10 0 3 0 1 0 FMC2_LPC_TMS_BUF
A 1215 580 10 0 6 3 XREF=15
I 933 GOLDEN_SYMBOLS:NC7SZ66_SC70_5 1 1070 250 0 1 '
|R 1:32_11-21-10
A 1070 150 10 0 3 0 DXDB_LIBNAME=IC
A 1050 350 10 0 3 3 DEVICE=NC7SZ66
A 1070 160 10 0 3 0 OWNER=8251
A 1070 190 10 0 3 0 PRICE=0.36
A 1070 200 10 0 3 0 DIST_P/N=NC7SZ66P5XTR-ND
A 1070 230 10 0 3 0 DIST=DIGIKEY
A 1070 240 10 0 3 0 MANF_P/N=NC7SZ66P5X
A 1070 220 10 0 3 0 MANF=FAIRCHILD
A 1070 140 10 0 3 0 ROHS=YES
A 1070 210 10 0 3 0 DATASHEET=\\XSJ-SMB\AFX\AFX\BOARD_PROJECTS\LIBRARY\DATASHEET
+ S\IC\LOGIC\NC7SZ66.PDF
A 1160 255 10 0 3 3 PKG_TYPE=SC70_5
A 1070 170 10 0 3 0 VOLTAGE=1.65V-5.5V
A 1070 355 10 0 3 0 VALUE=NC7SZ66P5X
A 1070 240 10 0 3 0 DESCRIPTION=IC SWITCH SINGLE SPST SC70-5
A 1070 180 10 0 3 0 PART_TYPE=ANALOG SWITCH
A 1080 250 16 0 3 3 REFDES=U26
C 931 1 25 0
A 1145 355 10 2 1 3 #=5
C 930 1 7 0
A 1085 290 10 0 9 3 #=4
C 929 2 24 0
A 1135 265 10 0 1 3 #=3
C 1093 2 15 0
A 1175 300 10 0 3 3 #=2
C 1092 1 27 0
A 1180 320 10 0 9 3 #=1
I 937 GOLDEN_SYMBOLS:RES 1 720 1010 0 1 '
|R 23:28_5-12-10
A 740 1030 16 0 3 3 REFDES=R14
A 720 990 10 0 3 0 PART_TYPE=SMT - 5%
A 740 1020 10 0 3 3 VALUE=4.7K
A 740 1010 10 0 3 3 POWER=1/10W
A 740 1000 10 0 3 3 TOLERANCE=5%
A 720 1010 9 0 3 0 PKG_TYPE=0402
A 720 980 10 0 3 0 DATASHEET=\\XSJ-SMB\AFX\AFX\BOARD_PROJECTS\LIBRARY\\DATASHEET
+ S\RESISTOR\PANA_ERJ_5%.PDF
A 720 970 10 0 3 0 ROHS=YES
A 720 960 10 0 3 0 MANF=PANASONIC
A 720 950 10 0 3 0 MANF_P/N=ERJ-2GEJ472X
A 720 940 10 0 3 0 DIST=DIGI-KEY
A 720 930 10 0 3 0 DIST_P/N=P4.7KJTR-ND
A 720 920 10 0 3 0 PRICE=0.0252
A 720 1010 9 0 3 0 DEVICE=4_7K_0402
A 720 910 10 0 3 0 OWNER=3709
A 720 900 10 0 3 0 DXDB_LIBNAME=RESISTORS
C 935 4 1 0
A 720 1010 10 0 1 3 #=2
C 936 1 2 0
A 720 1040 10 0 1 3 #=1
I 938 GOLDEN_SYMBOLS:VCC_GENERIC 1 875 170 0 1 '
|R 19:22_3-9-06
A 885 180 10 0 6 3 NETNAME=VADJ
C 992 2 2 0
I 939 GOLDEN_SYMBOLS:VCC_GENERIC 1 1600 490 0 1 '
|R 19:22_3-9-06
A 1610 500 10 0 6 3 NETNAME=VADJ
C 1044 1 2 0
I 965 GOLDEN_SYMBOLS:VCC12_P 1 390 670 0 1 '
|R 22:34_10-11-10
C 999 1 2 0
I 994 GOLDEN_SYMBOLS:CAP_NP 1 975 120 0 1 '
|R 22:01_5-12-10
A 975 10 10 0 3 0 DXDB_LIBNAME=CAPACITORS
A 975 20 10 0 3 0 OWNER=4001
A 975 110 10 0 3 0 DEVICE=1UF_0603
A 975 30 10 0 3 0 PRICE=0.011
A 975 40 10 0 3 0 DIST_P/N=490-3897-2-ND
A 975 50 10 0 3 0 DIST=DIGIKEY
A 975 60 10 0 3 0 MANF_P/N=GRM188R61E105KA12D
A 975 70 10 0 3 0 MANF=MURATA
A 975 80 10 0 3 0 ROHS=YES
A 975 90 10 0 3 0 DATASHEET=\\XSJ-SMB\AFX\AFX\BOARD_PROJECTS\LIBRARY\\DATASHEETS
+ \CAPACITOR\GRM188R61E105KA12.PDF
A 1005 110 10 0 3 0 PKG_TYPE=0603
A 1015 110 10 0 3 3 DIELECTRIC=X5R
A 975 100 10 0 3 0 TOLERANCE=10%
A 1015 120 10 0 3 3 VOLTAGE=25V
A 1015 130 10 0 3 3 VALUE=1UF
A 975 110 10 0 3 0 PART_TYPE=CERAMIC
A 1015 140 16 0 3 3 REFDES=C180
C 990 7 3 0
A 990 120 10 0 9 3 #=2
C 993 2 4 0
A 990 140 10 0 9 3 #=1
I 995 GOLDEN_SYMBOLS:VCC12_P 1 985 170 0 1 '
|R 22:34_10-11-10
C 993 1 2 0
I 996 GOLDEN_SYMBOLS:CAP_NP 1 915 120 0 1 '
|R 22:01_5-12-10
A 955 140 16 0 3 3 REFDES=C181
A 915 110 10 0 3 0 PART_TYPE=CERAMIC
A 955 130 10 0 3 3 VALUE=1UF
A 955 120 10 0 3 3 VOLTAGE=25V
A 915 100 10 0 3 0 TOLERANCE=10%
A 955 110 10 0 3 3 DIELECTRIC=X5R
A 945 110 10 0 3 0 PKG_TYPE=0603
A 915 90 10 0 3 0 DATASHEET=\\XSJ-SMB\AFX\AFX\BOARD_PROJECTS\LIBRARY\\DATASHEETS
+ \CAPACITOR\GRM188R61E105KA12.PDF
A 915 80 10 0 3 0 ROHS=YES
A 915 70 10 0 3 0 MANF=MURATA
A 915 60 10 0 3 0 MANF_P/N=GRM188R61E105KA12D
A 915 50 10 0 3 0 DIST=DIGIKEY
A 915 40 10 0 3 0 DIST_P/N=490-3897-2-ND
A 915 30 10 0 3 0 PRICE=0.011
A 915 110 10 0 3 0 DEVICE=1UF_0603
A 915 20 10 0 3 0 OWNER=4001
A 915 10 10 0 3 0 DXDB_LIBNAME=CAPACITORS
C 991 1 4 0
A 930 140 10 0 9 3 #=1
C 990 1 3 0
A 930 120 10 0 9 3 #=2
I 997 GOLDEN_SYMBOLS:CAP_NP 1 865 120 0 1 '
|R 22:01_5-12-10
A 865 10 10 0 3 0 DXDB_LIBNAME=CAPACITORS
A 865 20 10 0 3 0 OWNER=4001
A 865 110 10 0 3 0 DEVICE=1UF_0603
A 865 30 10 0 3 0 PRICE=0.011
A 865 40 10 0 3 0 DIST_P/N=490-3897-2-ND
A 865 50 10 0 3 0 DIST=DIGIKEY
A 865 60 10 0 3 0 MANF_P/N=GRM188R61E105KA12D
A 865 70 10 0 3 0 MANF=MURATA
A 865 80 10 0 3 0 ROHS=YES
A 865 90 10 0 3 0 DATASHEET=\\XSJ-SMB\AFX\AFX\BOARD_PROJECTS\LIBRARY\\DATASHEETS
+ \CAPACITOR\GRM188R61E105KA12.PDF
A 895 110 10 0 3 0 PKG_TYPE=0603
A 905 110 10 0 3 3 DIELECTRIC=X5R
A 865 100 10 0 3 0 TOLERANCE=10%
A 905 120 10 0 3 3 VOLTAGE=25V
A 905 130 10 0 3 3 VALUE=1UF
A 865 110 10 0 3 0 PART_TYPE=CERAMIC
A 905 140 16 0 3 3 REFDES=C182
C 990 3 3 0
A 880 120 10 0 9 3 #=2
C 992 1 4 0
A 880 140 10 0 9 3 #=1
I 1023 GOLDEN_SYMBOLS:GND 1 260 550 4 1 '
|R 22:03_9-29-10
C 998 3 1 0
I 1024 GOLDEN_SYMBOLS:GND 1 765 45 4 1 '
|R 22:03_9-29-10
C 1101 1 1 0
I 1025 GOLDEN_SYMBOLS:VCC3V3 1 390 630 0 1 '
|R 22:50_7-19-10
C 1022 3 2 0
I 1027 GOLDEN_SYMBOLS:GND 1 895 70 4 1 '
|R 22:03_9-29-10
C 990 2 1 0
I 1029 GOLDEN_SYMBOLS:VCC3V3 1 925 170 0 1 '
|R 22:50_7-19-10
C 991 2 2 0
I 1030 GOLDEN_SYMBOLS:ASP_134603_01_D 1 840 430 0 1 '
|R 22:55_9-24-09
A 840 300 10 0 3 0 DXDB_LIBNAME=CONNECTORS
A 840 310 10 0 3 0 OWNER=3709
A 860 440 10 0 3 0 DEVICE=ASP_134603_01
A 840 320 10 0 3 0 PRICE=0
A 840 330 10 0 3 0 DIST_P/N=NONE
A 840 340 10 0 3 0 DIST=NONE
A 840 420 10 0 3 0 MANF_P/N=ASP_134603_01
A 840 350 10 0 3 0 MANF=SAMTEC
A 840 360 10 0 3 0 DATASHEET=\\XSJ-SMB\AFX\AFX\BOARD_PROJECTS\LIBRARY\DATASHEETS
+ \CONNECTOR\ASP-134604-01.PDF
A 840 370 10 0 3 0 ROHS=YES
A 840 400 10 0 3 0 PKG_TYPE=ASP_134603_01
A 840 380 10 0 3 0 PITCH=0.05
A 840 390 10 0 3 0 PINS=160PINS
A 840 400 10 0 3 3 VALUE=ASP_134603_01
A 840 410 10 0 3 0 DESCRIPTION=SAMTEC FMC LPC 4 ROW VITA 57 FEB 2010 FEMALE, BAN
+ K D
A 840 420 10 0 3 0 PART_TYPE=HEADER
A 860 1030 10 0 3 3 REFDES=J4
C 1028 1 23 0
A 1030 560 10 0 3 3 #=D34
C 1059 2 22 0
A 1030 580 10 0 3 3 #=D33
C 1094 1 20 0
A 1030 620 10 0 3 3 #=D31
C 1091 2 19 0
A 1030 640 10 0 3 3 #=D30
C 1042 1 18 0
A 1030 660 10 0 3 3 #=D29
C 934 2 1 0
A 1030 1000 10 0 3 3 #=D1
C 1017 2 16 0
A 1030 700 10 0 3 3 #=D26
C 1018 1 17 0
A 1030 680 10 0 3 3 #=D27
C 1015 1 14 0
A 1030 740 10 0 3 3 #=D23
C 1016 1 15 0
A 1030 720 10 0 3 3 #=D24
C 1053 1 12 0
A 1030 780 10 0 3 3 #=D20
C 1054 1 13 0
A 1030 760 10 0 3 3 #=D21
C 1013 2 10 0
A 1030 820 10 0 3 3 #=D17
C 1014 2 11 0
A 1030 800 10 0 3 3 #=D18
C 1011 1 8 0
A 1030 860 10 0 3 3 #=D14
C 1012 1 9 0
A 1030 840 10 0 3 3 #=D15
C 1010 2 6 0
A 1030 900 10 0 3 3 #=D11
C 1019 2 7 0
A 1030 880 10 0 3 3 #=D12
C 1055 2 4 0
A 1030 940 10 0 3 3 #=D8
C 1009 2 5 0
A 1030 920 10 0 3 3 #=D9
C 1095 2 2 0
A 1030 980 10 0 3 3 #=D4
C 1096 1 3 0
A 1030 960 10 0 3 3 #=D5
C 932 1 24 0
A 1030 540 10 0 3 3 #=D35
C 1047 3 27 0
A 1030 480 10 0 3 3 #=D40
C 1047 2 26 0
A 1030 500 10 0 3 3 #=D38
C 1047 1 25 0
A 1030 520 10 0 3 3 #=D36
C 1047 10 21 0
A 1030 600 10 0 3 3 #=D32
I 1031 GOLDEN_SYMBOLS:ASP_134603_01_H 1 420 430 0 1 '
|R 22:55_9-24-09
A 420 300 10 0 3 0 DXDB_LIBNAME=CONNECTORS
A 420 310 10 0 3 0 OWNER=3709
A 440 440 10 0 3 0 DEVICE=ASP_134603_01
A 420 320 10 0 3 0 PRICE=0
A 420 330 10 0 3 0 DIST_P/N=NONE
A 420 340 10 0 3 0 DIST=NONE
A 420 420 10 0 3 0 MANF_P/N=ASP_134603_01
A 420 350 10 0 3 0 MANF=SAMTEC
A 420 360 10 0 3 0 DATASHEET=\\XSJ-SMB\AFX\AFX\BOARD_PROJECTS\LIBRARY\DATASHEETS
+ \CONNECTOR\ASP-134604-01.PDF
A 420 370 10 0 3 0 ROHS=YES
A 420 380 10 0 3 0 PKG_TYPE=ASP_134603_01
A 420 380 10 0 3 0 PITCH=0.05
A 420 390 10 0 3 0 PINS=160PINS
A 420 400 10 0 3 3 VALUE=ASP_134603_01
A 420 410 10 0 3 0 DESCRIPTION=SAMTEC FMC LPC 4 ROW VITA 57 FEB 2010 FEMALE, BAN
+ K H
A 420 420 10 0 3 0 PART_TYPE=HEADER
A 440 1030 10 0 3 3 REFDES=J4
C 960 1 1 0
A 590 1000 10 0 3 3 #=H1
C 943 1 27 0
A 590 480 10 0 3 3 #=H40
C 935 1 2 0
A 590 980 10 0 3 3 #=H2
C 941 1 25 0
A 590 520 10 0 3 3 #=H37
C 942 2 26 0
A 590 500 10 0 3 3 #=H38
C 964 1 23 0
A 590 560 10 0 3 3 #=H34
C 944 2 24 0
A 590 540 10 0 3 3 #=H35
C 940 1 21 0
A 590 600 10 0 3 3 #=H31
C 1026 2 22 0
A 590 580 10 0 3 3 #=H32
C 962 2 19 0
A 590 640 10 0 3 3 #=H28
C 963 1 20 0
A 590 620 10 0 3 3 #=H29
C 958 1 17 0
A 590 680 10 0 3 3 #=H25
C 961 1 18 0
A 590 660 10 0 3 3 #=H26
C 956 2 15 0
A 590 720 10 0 3 3 #=H22
C 959 2 16 0
A 590 700 10 0 3 3 #=H23
C 954 1 13 0
A 590 760 10 0 3 3 #=H19
C 957 1 14 0
A 590 740 10 0 3 3 #=H20
C 952 2 11 0
A 590 800 10 0 3 3 #=H16
C 955 2 12 0
A 590 780 10 0 3 3 #=H17
C 950 2 9 0
A 590 840 10 0 3 3 #=H13
C 953 2 10 0
A 590 820 10 0 3 3 #=H14
C 948 2 7 0
A 590 880 10 0 3 3 #=H10
C 951 1 8 0
A 590 860 10 0 3 3 #=H11
C 946 1 5 0
A 590 920 10 0 3 3 #=H7
C 949 2 6 0
A 590 900 10 0 3 3 #=H8
C 945 2 3 0
A 590 960 10 0 3 3 #=H4
C 947 1 4 0
A 590 940 10 0 3 3 #=H5
I 1032 GOLDEN_SYMBOLS:ASP_134603_01_C 1 30 570 0 1 '
|R 22:54_9-24-09
A 30 440 10 0 3 0 DXDB_LIBNAME=CONNECTORS
A 30 450 10 0 3 0 OWNER=3709
A 50 580 10 0 3 0 DEVICE=ASP_134603_01
A 30 460 10 0 3 0 PRICE=0
A 30 470 10 0 3 0 DIST_P/N=NONE
A 30 480 10 0 3 0 DIST=NONE
A 30 560 10 0 3 0 MANF_P/N=ASP_134603_01
A 30 490 10 0 3 0 MANF=SAMTEC
A 30 500 10 0 3 0 DATASHEET=\\XSJ-SMB\AFX\AFX\BOARD_PROJECTS\LIBRARY\DATASHEETS\
+ CONNECTOR\ASP-134604-01.PDF
A 30 510 10 0 3 0 ROHS=YES
A 30 540 10 0 3 0 PKG_TYPE=ASP_134603_01
A 30 520 10 0 3 0 PITCH=0.05
A 30 530 10 0 3 0 PINS=160PINS
A 30 540 10 0 3 3 VALUE=ASP_134603_01
A 30 550 10 0 3 0 DESCRIPTION=SAMTEC FMC LPC 4 ROW VITA 57 FEB 2010 FEMALE, BANK
+  C
A 30 560 10 0 3 0 PART_TYPE=HEADER
A 50 1030 10 0 3 3 REFDES=J4
C 1039 2 16 0
A 180 700 10 0 3 3 #=C31
C 1038 2 15 0
A 180 720 10 0 3 3 #=C30
C 1000 2 13 0
A 180 760 10 0 3 3 #=C26
C 1020 1 14 0
A 180 740 10 0 3 3 #=C27
C 1002 2 11 0
A 180 800 10 0 3 3 #=C22
C 1001 2 12 0
A 180 780 10 0 3 3 #=C23
C 1004 1 9 0
A 180 840 10 0 3 3 #=C18
C 1003 2 10 0
A 180 820 10 0 3 3 #=C19
C 1006 2 7 0
A 180 880 10 0 3 3 #=C14
C 1005 1 8 0
A 180 860 10 0 3 3 #=C15
C 1021 2 5 0
A 180 920 10 0 3 3 #=C10
C 1007 1 6 0
A 180 900 10 0 3 3 #=C11
C 998 1 17 0
A 180 680 10 0 3 3 #=C34
C 1098 1 3 0
A 180 960 10 0 3 3 #=C6
C 1097 2 4 0
A 180 940 10 0 3 3 #=C7
C 1100 1 1 0
A 180 1000 10 0 3 3 #=C2
C 1099 2 2 0
A 180 980 10 0 3 3 #=C3
C 1022 1 20 0
A 180 620 10 0 3 3 #=C39
C 999 6 19 0
A 180 640 10 0 3 3 #=C37
C 999 3 18 0
A 180 660 10 0 3 3 #=C35
I 1037 GOLDEN_SYMBOLS:VCC3V3 1 1230 530 0 1 '
|R 22:50_7-19-10
C 1047 6 2 0
I 1040 GOLDEN_SYMBOLS:VCC_GENERIC 1 780 440 0 1 '
|R 19:22_3-9-06
A 790 450 10 0 6 3 NETNAME=VADJ
C 943 4 2 0
I 1043 GOLDEN_SYMBOLS:GND 1 765 315 4 1 '
|R 22:03_9-29-10
C 1008 1 1 0
I 1045 GOLDEN_SYMBOLS:GND 1 1110 445 4 1 '
|R 22:03_9-29-10
C 932 3 1 0
I 1046 GOLDEN_SYMBOLS:ASP_134603_01_G 1 1260 470 0 1 '
|R 22:55_9-24-09
A 1260 340 10 0 3 0 DXDB_LIBNAME=CONNECTORS
A 1260 350 10 0 3 0 OWNER=3709
A 1280 480 10 0 3 0 DEVICE=ASP_134603_01
A 1260 360 10 0 3 0 PRICE=0
A 1260 370 10 0 3 0 DIST_P/N=NONE
A 1260 380 10 0 3 0 DIST=NONE
A 1260 460 10 0 3 0 MANF_P/N=ASP_134603_01
A 1260 390 10 0 3 0 MANF=SAMTEC
A 1260 400 10 0 3 0 DATASHEET=\\XSJ-SMB\AFX\AFX\BOARD_PROJECTS\LIBRARY\DATASHEET
+ S\CONNECTOR\ASP-134604-01.PDF
A 1260 410 10 0 3 0 ROHS=YES
A 1260 420 10 0 3 0 PKG_TYPE=ASP_134603_01
A 1260 420 10 0 3 0 PITCH=0.05
A 1260 430 10 0 3 0 PINS=160PINS
A 1150 435 10 0 3 3 VALUE=ASP_134603_01
A 1260 450 10 0 3 0 DESCRIPTION=SAMTEC FMC LPC 4 ROW VITA 57 FEB 2010 FEMALE, BA
+ NK G
A 1260 460 10 0 3 0 PART_TYPE=HEADER
A 1280 1030 10 0 3 3 REFDES=J4
C 1044 2 25 0
A 1420 520 10 0 3 3 #=G39
C 987 2 23 0
A 1420 560 10 0 3 3 #=G36
C 986 1 24 0
A 1420 540 10 0 3 3 #=G37
C 985 2 21 0
A 1420 600 10 0 3 3 #=G33
C 984 1 22 0
A 1420 580 10 0 3 3 #=G34
C 983 1 19 0
A 1420 640 10 0 3 3 #=G30
C 982 2 20 0
A 1420 620 10 0 3 3 #=G31
C 981 1 17 0
A 1420 680 10 0 3 3 #=G27
C 980 2 18 0
A 1420 660 10 0 3 3 #=G28
C 979 2 15 0
A 1420 720 10 0 3 3 #=G24
C 978 1 16 0
A 1420 700 10 0 3 3 #=G25
C 977 2 13 0
A 1420 760 10 0 3 3 #=G21
C 976 1 14 0
A 1420 740 10 0 3 3 #=G22
C 975 2 11 0
A 1420 800 10 0 3 3 #=G18
C 974 1 12 0
A 1420 780 10 0 3 3 #=G19
C 973 1 9 0
A 1420 840 10 0 3 3 #=G15
C 972 2 10 0
A 1420 820 10 0 3 3 #=G16
C 971 1 7 0
A 1420 880 10 0 3 3 #=G12
C 970 2 8 0
A 1420 860 10 0 3 3 #=G13
C 969 2 5 0
A 1420 920 10 0 3 3 #=G9
C 968 2 6 0
A 1420 900 10 0 3 3 #=G10
C 967 2 3 0
A 1420 960 10 0 3 3 #=G6
C 966 1 4 0
A 1420 940 10 0 3 3 #=G7
C 989 2 1 0
A 1420 1000 10 0 3 3 #=G2
C 988 1 2 0
A 1420 980 10 0 3 3 #=G3
I 1048 GOLDEN_SYMBOLS:GND 1 1140 220 4 1 '
|R 22:03_9-29-10
C 929 1 1 0
I 1050 GOLDEN_SYMBOLS:VCC3V3 1 1120 385 0 1 '
|R 22:50_7-19-10
C 931 2 2 0
I 1051 GOLDEN_SYMBOLS:VCC3V3 1 720 1050 0 1 '
|R 22:50_7-19-10
C 936 2 2 0
I 1060 GOLDEN_SYMBOLS:ASP_134603_01_GND 1 55 95 0 1 '
|R 20:42_9-30-11
A 55 -35 10 0 3 0 DXDB_LIBNAME=CONNECTORS
A 55 -25 10 0 3 0 OWNER=3709
A 105 185 10 0 3 0 DEVICE=ASP_134603_01
A 55 -15 10 0 3 0 PRICE=0
A 55 -5 10 0 3 0 DIST_P/N=NONE
A 55 5 10 0 3 0 DIST=NONE
A 55 85 10 0 3 0 MANF_P/N=ASP_134603_01
A 55 15 10 0 3 0 MANF=SAMTEC
A 55 25 10 0 3 0 DATASHEET=\\XSJ-SMB\AFX\AFX\BOARD_PROJECTS\LIBRARY\DATASHEETS\C
+ ONNECTOR\ASP-134604-01.PDF
A 55 35 10 0 3 0 ROHS=YES
A 55 65 10 0 3 0 PKG_TYPE=ASP_134603_01
A 55 45 10 0 3 0 PITCH=0.05
A 55 55 10 0 3 0 PINS=160PINS
A 55 65 10 0 3 3 VALUE=ASP_134603_01
A 55 75 10 0 3 0 DESCRIPTION=SAMTEC FMC LPC 4 ROW VITA 57 FEB 2010 FEMALE, GND
A 55 85 10 0 3 0 PART_TYPE=HEADER
A 75 325 10 0 3 3 REFDES=J4
C 1112 2 167 0
A 705 115 10 1 9 3 #=ST2
C 1113 1 168 0
A 85 115 10 1 9 3 #=ST1
C 1101 59 164 0
A 665 115 10 1 9 3 #=D39
C 1101 62 165 0
A 685 115 10 1 9 3 #=D37
C 1008 32 71 0
A 105 325 10 5 9 3 #=D28
C 1008 31 70 0
A 125 325 10 5 9 3 #=D25
C 1008 30 69 0
A 145 325 10 5 9 3 #=D22
C 1008 29 68 0
A 165 325 10 5 9 3 #=D19
C 1008 28 67 0
A 185 325 10 5 9 3 #=D16
C 1008 27 66 0
A 205 325 10 5 9 3 #=D13
C 1008 26 65 0
A 225 325 10 5 9 3 #=D10
C 1008 25 64 0
A 245 325 10 5 9 3 #=D7
C 1008 24 63 0
A 265 325 10 5 9 3 #=D6
C 1008 23 62 0
A 285 325 10 5 9 3 #=D3
C 1008 22 61 0
A 305 325 10 5 9 3 #=D2
C 1008 21 60 0
A 325 325 10 5 9 3 #=C40
C 1008 20 59 0
A 345 325 10 5 9 3 #=C38
C 1008 19 58 0
A 365 325 10 5 9 3 #=C36
C 1008 18 57 0
A 385 325 10 5 9 3 #=C33
C 1008 17 56 0
A 405 325 10 5 9 3 #=C32
C 1008 16 55 0
A 425 325 10 5 9 3 #=C29
C 1008 15 54 0
A 445 325 10 5 9 3 #=C28
C 1008 14 53 0
A 465 325 10 5 9 3 #=C25
C 1008 13 52 0
A 485 325 10 5 9 3 #=C24
C 1008 12 51 0
A 505 325 10 5 9 3 #=C21
C 1008 11 50 0
A 525 325 10 5 9 3 #=C20
C 1008 10 49 0
A 545 325 10 5 9 3 #=C17
C 1008 9 48 0
A 565 325 10 5 9 3 #=C16
C 1008 8 47 0
A 585 325 10 5 9 3 #=C13
C 1008 7 46 0
A 605 325 10 5 9 3 #=C12
C 1008 6 45 0
A 625 325 10 5 9 3 #=C9
C 1008 5 44 0
A 645 325 10 5 9 3 #=C8
C 1008 4 43 0
A 665 325 10 5 9 3 #=C5
C 1008 3 42 0
A 685 325 10 5 9 3 #=C4
C 1008 64 41 0
A 705 325 10 5 9 3 #=C1
C 1101 4 130 0
A 105 115 10 1 9 3 #=H39
C 1101 3 129 0
A 125 115 10 1 9 3 #=H36
C 1101 7 128 0
A 145 115 10 1 9 3 #=H33
C 1101 9 127 0
A 165 115 10 1 9 3 #=H30
C 1101 11 126 0
A 185 115 10 1 9 3 #=H27
C 1101 13 125 0
A 205 115 10 1 9 3 #=H24
C 1101 15 124 0
A 225 115 10 1 9 3 #=H21
C 1101 17 123 0
A 245 115 10 1 9 3 #=H18
C 1101 19 122 0
A 265 115 10 1 9 3 #=H15
C 1101 21 121 0
A 285 115 10 1 9 3 #=H12
C 1101 23 120 0
A 305 115 10 1 9 3 #=H9
C 1101 25 119 0
A 325 115 10 1 9 3 #=H6
C 1101 27 118 0
A 345 115 10 1 9 3 #=H3
C 1101 29 117 0
A 365 115 10 1 9 3 #=G40
C 1101 31 116 0
A 385 115 10 1 9 3 #=G38
C 1101 33 115 0
A 405 115 10 1 9 3 #=G35
C 1101 35 114 0
A 425 115 10 1 9 3 #=G32
C 1101 37 113 0
A 445 115 10 1 9 3 #=G29
C 1101 39 112 0
A 465 115 10 1 9 3 #=G26
C 1101 41 111 0
A 485 115 10 1 9 3 #=G23
C 1101 43 110 0
A 505 115 10 1 9 3 #=G20
C 1101 45 109 0
A 525 115 10 1 9 3 #=G17
C 1101 47 108 0
A 545 115 10 1 9 3 #=G14
C 1101 49 107 0
A 565 115 10 1 9 3 #=G11
C 1101 51 106 0
A 585 115 10 1 9 3 #=G8
C 1101 53 105 0
A 605 115 10 1 9 3 #=G5
C 1101 55 104 0
A 625 115 10 1 9 3 #=G4
C 1101 57 103 0
A 645 115 10 1 9 3 #=G1
N 1092
J 1190 320 2
J 1405 320 1
S 1 2
A 1425 320 10 0 6 3 XREF=23,24
L 1205 320 10 0 3 0 1 0 FMC1_LPC_TDO_FMC2_LPC_TDI
N 1093
J 1405 300 1
J 1190 300 2
S 2 1
L 1205 300 10 0 3 0 1 0 FMC2_LPC_TDO_FPGA_TDI
A 1425 300 10 0 6 3 XREF=15,24
N 1091
J 1215 640 1
J 1050 640 2
S 2 1
L 1075 640 10 0 3 0 1 0 FMC1_LPC_TDO_FMC2_LPC_TDI
A 1235 640 10 0 6 3 XREF=23,24
N 1094
J 1050 620 2
J 1215 620 1
S 1 2
A 1235 620 10 0 6 3 XREF=15,24
L 1075 620 10 0 3 0 1 0 FMC2_LPC_TDO_FPGA_TDI
N 1028
J 1050 560 2
J 1100 560 1
S 1 2
A 1060 560 10 0 3 1 NC
I 1114 GOLDEN_SYMBOLS:RES 1 120 440 0 1 '
|R 23:28_5-12-10
A 120 340 10 0 3 0 DXDB_LIBNAME=RESISTORS
A 120 350 10 0 3 0 OWNER=3709
A 120 440 9 0 3 0 DEVICE=DNP_R_0402
A 120 360 10 0 3 0 PRICE=0
A 120 370 10 0 3 0 DIST_P/N=DNP
A 120 380 10 0 3 0 DIST=DNP
A 120 390 10 0 3 0 MANF_P/N=DNP
A 120 400 10 0 3 0 MANF=DNP
A 120 410 10 0 3 0 ROHS=YES
A 120 440 9 0 3 0 PKG_TYPE=0402
A 140 430 10 0 3 3 TOLERANCE=DNP
A 140 440 10 0 3 3 POWER=DNP
A 140 450 10 0 3 3 VALUE=DNP
A 120 420 10 0 3 0 PART_TYPE=SMT - DNP
A 140 460 16 0 3 3 REFDES=R397
C 1111 1 2 0
A 120 470 10 0 1 3 #=1
C 1107 2 1 0
A 120 440 10 0 1 3 #=2
I 1115 GOLDEN_SYMBOLS:RES 1 290 440 0 1 '
|R 23:28_5-12-10
A 310 460 16 0 3 3 REFDES=R396
A 290 420 10 0 3 0 PART_TYPE=SMT - DNP
A 310 450 10 0 3 3 VALUE=DNP
A 310 440 10 0 3 3 POWER=DNP
A 310 430 10 0 3 3 TOLERANCE=DNP
A 290 440 9 0 3 0 PKG_TYPE=0402
A 290 410 10 0 3 0 ROHS=YES
A 290 400 10 0 3 0 MANF=DNP
A 290 390 10 0 3 0 MANF_P/N=DNP
A 290 380 10 0 3 0 DIST=DNP
A 290 370 10 0 3 0 DIST_P/N=DNP
A 290 360 10 0 3 0 PRICE=0
A 290 440 9 0 3 0 DEVICE=DNP_R_0402
A 290 350 10 0 3 0 OWNER=3709
A 290 340 10 0 3 0 DXDB_LIBNAME=RESISTORS
C 1106 1 1 0
A 290 440 10 0 1 3 #=2
C 1102 1 2 0
A 290 470 10 0 1 3 #=1
T 1350 120 10 0 3 ZC702 EVALUATION PLATFORM
T 1570 130 10 0 3 PCB P/N:  1280617
T 1570 140 10 0 3 ASSY P/N: 0431696
T 1570 120 10 0 3 SCH P/N:  0381449
T 1350 130 10 0 3 SCHEM, ROHS COMPLIANT
T 1350 140 10 0 3 ANSI/VITA 57.1 - Revised 2010
T 1260 230 20 0 3 ANSI/VITA 57.1 - Revised 2010
T 820 320 15 0 3 Switch is Closed
T 820 335 15 0 3 When OE = 1
T 1260 210 20 0 3 FMC2 LPC Connector
U 1610 40 10 0 3 3 SCHEMDRAWN=BF
U 1473 94 10 0 9 3 @DATETIME=2-21-2013_17:10
U 1483 34 30 0 9 3 @SHEETTOTAL=48
U 1383 34 30 0 9 3 @SHEET=24
U 1560 90 10 0 3 3 SCHEMVER=1.1
U 1560 70 10 0 3 3 SCHEMREV=02
E
