V 51
K 353143739100 kx705
Y 0
D 0 0 1700 1100
Z 1
i 57
N 45
J 790 290 2
J 770 920 2
J 770 910 2
J 770 900 2
J 770 890 2
J 770 880 2
J 770 870 2
J 770 860 2
J 770 850 2
J 770 840 2
J 770 830 2
J 770 820 2
J 770 800 2
J 770 790 2
J 770 780 2
J 770 770 2
J 770 760 2
J 770 670 2
J 770 660 2
J 770 650 2
J 770 640 2
J 770 630 2
J 770 620 2
J 770 610 2
J 770 600 2
J 770 510 2
J 770 500 2
J 770 490 2
J 770 480 2
J 770 470 2
J 770 460 2
J 770 450 2
J 770 440 2
J 770 350 2
J 770 340 2
J 770 330 2
J 770 320 2
J 790 320 5
J 790 330 5
J 790 340 5
J 790 350 5
J 770 360 2
J 790 360 5
J 770 370 2
J 790 370 5
J 770 380 2
J 790 380 5
J 770 390 2
J 790 390 5
J 770 400 2
J 790 400 5
J 770 410 2
J 790 410 5
J 770 420 2
J 790 420 5
J 770 430 2
J 790 430 5
J 790 440 5
J 790 450 5
J 790 460 5
J 790 470 5
J 790 480 5
J 790 490 5
J 790 500 5
J 790 510 5
J 770 520 2
J 790 520 5
J 770 530 2
J 790 530 5
J 770 540 2
J 790 540 5
J 770 550 2
J 790 550 5
J 770 560 2
J 790 560 5
J 770 570 2
J 790 570 5
J 770 580 2
J 790 580 5
J 770 590 2
J 790 590 5
J 790 600 5
J 790 610 5
J 790 620 5
J 790 630 5
J 790 640 5
J 790 650 5
J 790 660 5
J 790 670 5
J 770 680 2
J 790 680 5
J 770 690 2
J 790 690 5
J 770 700 2
J 790 700 5
J 770 710 2
J 790 710 5
J 770 720 2
J 790 720 5
J 770 730 2
J 790 730 5
J 770 740 2
J 790 740 5
J 770 750 2
J 790 750 5
J 790 760 5
J 790 770 5
J 790 780 5
J 790 790 5
J 790 800 5
J 770 810 2
J 790 810 5
J 790 820 5
J 790 830 5
J 790 840 5
J 790 850 5
J 790 860 5
J 790 870 5
J 790 880 5
J 790 890 5
J 790 900 5
J 790 910 5
J 790 920 5
J 770 930 2
J 790 930 5
J 790 940 3
J 770 940 2
S 1 38
S 2 123
S 3 122
S 4 121
S 5 120
S 6 119
S 7 118
S 8 117
S 9 116
S 10 115
S 11 114
S 12 113
S 13 110
S 14 109
S 15 108
S 16 107
S 17 106
S 18 89
S 19 88
S 20 87
S 21 86
S 22 85
S 23 84
S 24 83
S 25 82
S 26 65
S 27 64
S 28 63
S 29 62
S 30 61
S 31 60
S 32 59
S 33 58
S 34 41
S 35 40
S 36 39
S 37 38
S 38 39
S 39 40
S 40 41
S 41 43
S 42 43
S 43 45
S 44 45
S 45 47
S 46 47
S 47 49
S 48 49
S 49 51
S 50 51
S 51 53
S 52 53
S 53 55
S 54 55
S 55 57
S 56 57
S 57 58
S 58 59
S 59 60
S 60 61
S 61 62
S 62 63
S 63 64
S 64 65
S 65 67
S 66 67
S 67 69
S 68 69
S 69 71
S 70 71
S 71 73
S 72 73
S 73 75
S 74 75
S 75 77
S 76 77
S 77 79
S 78 79
S 79 81
S 80 81
S 81 82
S 82 83
S 83 84
S 84 85
S 85 86
S 86 87
S 87 88
S 88 89
S 89 91
S 90 91
S 91 93
S 92 93
S 93 95
S 94 95
S 95 97
S 96 97
S 97 99
S 98 99
S 99 101
S 100 101
S 101 103
S 102 103
S 103 105
S 104 105
S 105 106
S 106 107
S 107 108
S 108 109
S 109 110
S 110 112
S 111 112
S 112 113
S 113 114
S 114 115
S 115 116
S 116 117
S 117 118
S 118 119
S 119 120
S 120 121
S 121 122
S 122 123
S 123 125
S 124 125
S 125 126
S 127 126
I 44 GOLDEN_SYMBOLS:GND 1 800 270 4 1 '
|R 22:03_9-29-10
C 45 1 1 0
I 30 GOLDEN_SYMBOLS:BSHEETL 1 1260 0 0 1 '
I 57 GOLDEN_SYMBOLS:XC7Z020CLG484_GND 1 370 220 0 1 '
A 370 80 10 0 3 0 DXDB_LIBNAME=SOCKET
A 370 90 10 0 3 0 OWNER=6176
A 420 1030 10 0 3 3 DEVICE=SOC_IRON_CL484
A 370 100 10 0 3 0 PRICE=383.46
A 370 110 10 0 3 0 DIST_P/N=C10768
A 370 120 10 0 3 0 DIST=IRONWOOD
A 370 130 10 0 3 0 MANF_P/N=C10768
A 370 140 10 0 3 0 MANF=IRONWOOD
A 370 150 10 0 3 0 DATASHEET=\\XSJ-SMB\AFX\AFX\BOARD_PROJECTS\LIBRARY\\DATASHEET
+ S\SOCKET\C10768.PDF
A 370 160 10 0 3 0 ROHS=YES
A 620 250 10 0 3 3 PKG_TYPE=SOC_IRON_CL484
A 370 170 10 0 3 0 PITCH=0.8MM
A 370 180 10 0 3 0 PINS=484PINS
A 370 190 10 0 3 0 VALUE=SOC_IRON_CL484
A 370 200 10 0 3 0 DESCRIPTION=Z7 CL484  IRONWOOD SOCKET
A 370 210 10 0 3 0 PART_TYPE=SOCKET
A 420 250 16 0 3 3 REFDES=U1
C 45 127 63 0
A 725 940 10 0 3 3 #=Y22
C 45 124 62 0
A 725 930 10 0 3 3 #=Y12
C 45 2 61 0
A 725 920 10 0 3 3 #=Y2
C 45 3 60 0
A 725 910 10 0 3 3 #=W19
C 45 4 59 0
A 725 900 10 0 3 3 #=W9
C 45 5 58 0
A 725 890 10 0 3 3 #=V16
C 45 6 57 0
A 725 880 10 0 3 3 #=V6
C 45 7 56 0
A 725 870 10 0 3 3 #=U13
C 45 8 55 0
A 725 860 10 0 3 3 #=U3
C 45 9 54 0
A 725 850 10 0 3 3 #=T20
C 45 10 53 0
A 725 840 10 0 3 3 #=R17
C 45 11 52 0
A 725 830 10 0 3 3 #=R13
C 45 12 51 0
A 725 820 10 0 3 3 #=R11
C 45 111 50 0
A 725 810 10 0 3 3 #=R9
C 45 13 49 0
A 725 800 10 0 3 3 #=P14
C 45 14 48 0
A 725 790 10 0 3 3 #=P12
C 45 15 47 0
A 725 780 10 0 3 3 #=P10
C 45 16 46 0
A 725 770 10 0 3 3 #=P8
C 45 17 45 0
A 725 760 10 0 3 3 #=P4
C 45 104 44 0
A 725 750 10 0 3 3 #=N21
C 45 102 43 0
A 725 740 10 0 3 3 #=N13
C 45 100 42 0
A 725 730 10 0 3 3 #=N9
C 45 98 41 0
A 725 720 10 0 3 3 #=N1
C 45 96 40 0
A 725 710 10 0 3 3 #=M18
C 45 94 39 0
A 725 700 10 0 3 3 #=M14
C 45 92 38 0
A 725 690 10 0 3 3 #=M10
C 45 90 37 0
A 725 680 10 0 3 3 #=M8
C 45 18 36 0
A 725 670 10 0 3 3 #=L15
C 45 19 35 0
A 725 660 10 0 3 3 #=L13
C 45 20 34 0
A 725 650 10 0 3 3 #=L9
C 45 21 33 0
A 725 640 10 0 3 3 #=L5
C 45 22 32 0
A 725 630 10 0 3 3 #=K22
C 45 23 31 0
A 725 620 10 0 3 3 #=K14
C 45 24 30 0
A 725 610 10 0 3 3 #=K10
C 45 25 29 0
A 725 600 10 0 3 3 #=K8
C 45 80 28 0
A 725 590 10 0 3 3 #=K2
C 45 78 27 0
A 725 580 10 0 3 3 #=J19
C 45 76 26 0
A 725 570 10 0 3 3 #=J13
C 45 74 25 0
A 725 560 10 0 3 3 #=J11
C 45 72 24 0
A 725 550 10 0 3 3 #=J9
C 45 70 23 0
A 725 540 10 0 3 3 #=H16
C 45 68 22 0
A 725 530 10 0 3 3 #=H14
C 45 66 21 0
A 725 520 10 0 3 3 #=H12
C 45 26 20 0
A 725 510 10 0 3 3 #=H8
C 45 27 19 0
A 725 500 10 0 3 3 #=H6
C 45 28 18 0
A 725 490 10 0 3 3 #=G3
C 45 29 17 0
A 725 480 10 0 3 3 #=F20
C 45 30 16 0
A 725 470 10 0 3 3 #=F10
C 45 31 15 0
A 725 460 10 0 3 3 #=E17
C 45 32 14 0
A 725 450 10 0 3 3 #=E7
C 45 33 13 0
A 725 440 10 0 3 3 #=D14
C 45 56 12 0
A 725 430 10 0 3 3 #=D4
C 45 54 11 0
A 725 420 10 0 3 3 #=C21
C 45 52 10 0
A 725 410 10 0 3 3 #=C11
C 45 50 9 0
A 725 400 10 0 3 3 #=C1
C 45 48 8 0
A 725 390 10 0 3 3 #=B18
C 45 46 7 0
A 725 380 10 0 3 3 #=B8
C 45 44 6 0
A 725 370 10 0 3 3 #=AB18
C 45 42 5 0
A 725 360 10 0 3 3 #=AB8
C 45 34 4 0
A 725 350 10 0 3 3 #=AA15
C 45 35 3 0
A 725 340 10 0 3 3 #=AA5
C 45 36 2 0
A 725 330 10 0 3 3 #=A15
C 45 37 1 0
A 725 320 10 0 3 3 #=A5
T 1350 130 10 0 3 SCHEM, ROHS COMPLIANT
T 1570 120 10 0 3 SCH P/N:  0381449
T 1570 140 10 0 3 ASSY P/N: 0431696
T 1570 130 10 0 3 PCB P/N:  1280617
T 1350 120 10 0 3 ZC702 EVALUATION PLATFORM
T 1260 210 20 0 3 Zynq GND
T 1350 140 10 0 3 Zynq GND
U 1610 40 10 0 3 3 SCHEMDRAWN=BF
U 1473 94 10 0 9 3 @DATETIME=2-21-2013_17:10
U 1483 34 30 0 9 3 @SHEETTOTAL=48
U 1383 34 30 0 9 3 @SHEET=11
U 1560 90 10 0 3 3 SCHEMVER=1.1
U 1560 70 10 0 3 3 SCHEMREV=02
E
